Car 0.00 0.0 -1.34 602.57 177.54 721.71 264.02 1.47 1.57 3.70 1.12 1.57 14.47 -1.26
Car 0.00 0.0 -4.27 323.28 177.14 622.00 372.65 1.54 1.63 3.79 -1.22 1.60 7.81 -4.42
Car 0.00 0.0 -1.79 944.96 194.47 1241.00 374.00 1.47 1.56 3.11 3.89 1.71 6.24 -1.25
Car 0.00 0.0 -1.59 887.40 179.02 953.45 241.69 1.58 1.58 2.75 8.53 1.77 20.08 -1.19
Car 0.00 0.0 -4.69 741.29 168.20 782.71 206.61 1.66 1.76 4.14 7.02 1.46 33.33 -4.48
Car 0.00 0.0 -0.65 0.00 179.41 397.22 374.00 1.47 1.58 3.31 -2.73 1.52 3.49 -1.27
Car 0.00 0.0 -4.69 862.90 173.98 887.95 195.38 1.56 1.70 4.17 20.28 1.65 55.13 -4.34
Car 0.00 0.0 -4.49 592.08 165.43 706.39 205.04 1.49 4.27 1.55 1.52 1.21 28.48 -4.44
Car 0.00 0.0 -1.53 880.63 182.28 934.24 230.24 1.46 1.58 3.66 10.18 1.81 24.70 -1.15
Car 0.00 0.0 -1.88 757.65 171.56 805.22 199.42 1.50 1.56 3.61 9.55 1.43 40.60 -1.65
