Car 0.00 0.0 -1.33 600.70 178.03 721.10 265.33 1.48 1.57 3.69 1.09 1.59 14.44 -1.26
Car 0.00 0.0 -4.27 329.40 177.58 620.76 370.15 1.53 1.60 3.69 -1.21 1.60 7.84 -4.42
Car 0.00 0.0 -1.62 888.27 180.39 956.95 242.54 1.55 1.58 3.03 8.59 1.78 20.12 -1.22
Car 0.00 0.0 -1.81 948.07 197.93 1241.00 374.00 1.47 1.44 3.12 3.87 1.74 6.18 -1.28
Car 0.00 0.0 -4.65 741.08 168.63 785.34 207.11 1.65 1.75 4.22 7.08 1.47 33.28 -4.44
Car 0.00 0.0 -0.71 0.00 184.29 394.74 374.00 1.53 1.52 3.22 -2.68 1.61 3.61 -1.32
Car 0.00 0.0 -4.70 862.52 173.14 886.65 194.18 1.54 1.67 4.06 20.21 1.56 55.11 -4.35
Car 0.00 0.0 -1.69 871.32 182.31 936.08 229.56 1.44 1.60 3.69 9.97 1.80 24.83 -1.31
Car 0.00 0.0 0.39 595.04 161.75 706.52 200.26 1.44 1.60 4.10 1.56 1.02 28.57 0.45
Car 0.00 0.0 -1.72 761.54 172.63 800.18 200.43 1.49 1.57 3.79 9.53 1.48 40.61 -1.49
