Car 0.00 0.0 -1.39 34.20 184.46 225.26 242.18 1.44 4.15 1.58 -12.73 1.53 19.65 -1.97
Car 0.00 0.0 -1.21 506.72 169.17 575.54 208.62 1.61 1.63 4.23 -2.58 1.11 31.62 -1.29
Car 0.00 0.0 -4.14 326.81 177.12 396.47 206.62 1.48 1.59 4.00 -12.65 1.26 38.14 -4.46
Car 0.00 0.0 -1.38 579.56 169.35 604.81 186.90 1.55 1.62 3.86 -0.78 0.48 65.36 -1.40
Car 0.00 0.0 1.43 546.44 168.55 577.74 191.61 1.49 1.58 3.77 -2.67 0.65 48.27 1.38
Car 0.00 0.0 -1.65 784.26 149.11 834.45 168.23 1.60 4.10 1.62 18.24 -1.19 63.06 -1.38
Car 0.00 0.0 -5.05 883.33 110.50 981.42 164.62 1.50 1.68 3.68 10.45 -0.59 23.02 -4.63
Car 0.00 2 -1.55 548.00 171.33 572.40 194.42 1.48 1.56 3.62 -2.72 0.82 48.22 -1.62
Car 0.00 0 -1.21 505.25 168.37 575.44 209.18 1.67 1.64 4.32 -2.61 1.13 31.73 -1.30
Car 0.00 0 0.15 49.70 185.65 227.42 246.96 1.50 1.62 3.88 -12.54 1.64 19.72 -0.42
Car 0.00 1 2.05 328.67 170.65 397.24 204.16 1.68 1.67 4.29 -12.66 1.13 38.44 1.73
DontCare -1 -1 -10 603.36 169.62 631.06 186.56 -1 -1 -1 -1000 -1000 -1000 -10
DontCare -1 -1 -10 578.97 168.88 603.78 187.56 -1 -1 -1 -1000 -1000 -1000 -10